ParserWithPrecolation_21-25
=================================================================================================================================================
 ID 	 length 	 state 	 recall 	 prec 	 matched_brackets 	 gold_brackets 	 test_brackets 	 cross_brackets 	 words 	 correct_tags 	 tag_accracy 	
0			23			0			0.42			0.69			11			26			16			5			23			17			0.74			
1			22			0			0.20			0.33			5			25			15			10			22			15			0.68			
2			22			0			0.20			0.28			5			25			18			9			22			14			0.64			
3			22			0			0.43			0.53			9			21			17			6			22			19			0.86			
4			24			0			0.64			0.74			14			22			19			1			24			21			0.88			
5			21			0			0.16			0.29			4			25			14			9			21			9			0.43			
6			24			0			0.21			0.33			6			28			18			9			24			18			0.75			
7			22			0			0.52			0.75			12			23			16			4			22			19			0.86			
8			22			0			0.39			0.69			9			23			13			0			22			18			0.82			
9			25			0			0.36			0.60			9			25			15			5			25			19			0.76			
10			23			0			0.44			0.69			11			25			16			4			23			19			0.83			
11			25			0			0.21			0.38			6			28			16			7			25			15			0.60			
12			24			0			0.50			0.80			12			24			15			1			24			16			0.67			
13			22			0			0.43			0.62			10			23			16			5			22			17			0.77			
14			24			0			0.36			0.69			9			25			13			4			24			17			0.71			
15			25			0			0.46			0.63			12			26			19			7			25			20			0.80			
16			22			0			0.15			0.25			4			27			16			9			22			14			0.64			
17			23			0			0.36			0.45			9			25			20			7			23			14			0.61			
18			23			0			0.44			0.69			11			25			16			2			23			15			0.65			
19			21			0			0.27			0.46			6			22			13			5			21			13			0.62			
20			22			0			0.38			0.53			8			21			15			4			22			17			0.77			
21			23			0			0.33			0.47			8			24			17			6			23			18			0.78			
22			25			0			0.50			0.81			13			26			16			2			25			17			0.68			
23			22			0			0.52			0.85			11			21			13			1			22			20			0.91			
24			22			0			0.43			0.62			10			23			16			4			22			17			0.77			
25			25			0			0.56			0.78			14			25			18			2			25			19			0.76			
26			21			0			0.26			0.50			6			23			12			6			21			18			0.86			
27			23			0			0.71			1.00			17			24			17			0			23			18			0.78			
28			21			0			0.26			0.31			5			19			16			3			21			17			0.81			
29			24			0			0.30			0.50			8			27			16			7			24			19			0.79			
30			24			0			0.21			0.28			5			24			18			10			24			17			0.71			
31			23			0			0.24			0.55			6			25			11			4			23			14			0.61			
32			25			0			0.46			0.61			11			24			18			3			25			20			0.80			
33			23			0			0.10			0.20			3			31			15			12			23			16			0.70			
34			22			0			0.50			0.69			11			22			16			2			22			13			0.59			
35			21			0			0.25			0.38			6			24			16			7			21			11			0.52			
36			22			0			0.36			0.42			8			22			19			7			22			17			0.77			
37			25			0			0.29			0.47			8			28			17			7			25			19			0.76			
38			24			0			0.21			0.35			6			28			17			7			24			17			0.71			
39			21			0			0.35			0.57			8			23			14			5			21			17			0.81			
40			21			0			0.36			0.56			9			25			16			3			21			8			0.38			
41			23			0			0.23			0.35			6			26			17			7			23			14			0.61			
42			24			0			0.26			0.44			7			27			16			5			24			16			0.67			
43			21			0			0.57			0.86			12			21			14			2			21			17			0.81			
44			23			0			0.36			0.47			8			22			17			6			23			20			0.87			
45			25			0			0.28			0.47			7			25			15			6			25			16			0.64			
46			24			0			0.33			0.47			9			27			19			6			24			21			0.88			
47			25			0			0.50			0.63			12			24			19			5			25			23			0.92			
48			21			0			0.68			0.94			15			22			16			1			21			18			0.86			
49			22			0			0.57			0.80			12			21			15			3			22			20			0.91			
50			23			0			0.63			0.67			12			19			18			3			23			20			0.87			
51			23			0			0.17			0.33			5			30			15			10			23			17			0.74			
52			21			0			0.32			0.50			7			22			14			5			21			11			0.52			
53			22			0			0.40			0.53			8			20			15			5			22			15			0.68			
54			25			0			0.48			0.73			11			23			15			2			25			16			0.64			
55			21			0			0.42			0.44			8			19			18			7			21			15			0.71			
56			22			0			0.46			0.79			11			24			14			2			22			15			0.68			
57			23			0			0.57			0.76			13			23			17			2			23			19			0.83			
58			24			0			0.20			0.33			5			25			15			8			24			14			0.58			
59			25			0			0.26			0.44			7			27			16			5			25			15			0.60			
60			21			0			0.24			0.33			5			21			15			7			21			14			0.67			
61			25			0			0.43			0.56			10			23			18			4			25			20			0.80			
62			23			0			0.19			0.38			5			27			13			4			23			12			0.52			
63			24			0			0.39			0.65			11			28			17			2			24			17			0.71			
64			23			0			0.27			0.47			7			26			15			6			23			17			0.74			
65			21			0			0.16			0.22			4			25			18			11			21			16			0.76			
66			24			0			0.20			0.26			5			25			19			11			24			18			0.75			
67			22			0			0.45			0.83			10			22			12			1			22			17			0.77			
68			21			0			0.55			0.73			11			20			15			2			21			19			0.90			
69			22			0			0.30			0.41			7			23			17			8			22			20			0.91			
70			24			0			0.86			1.00			19			22			19			0			24			22			0.92			
71			23			0			0.27			0.50			7			26			14			2			23			19			0.83			
72			25			0			0.48			0.61			11			23			18			7			25			19			0.76			
73			23			0			0.43			0.53			9			21			17			2			23			21			0.91			
74			23			0			0.35			0.57			8			23			14			2			23			18			0.78			
75			22			0			0.39			0.65			11			28			17			3			22			20			0.91			
76			21			0			0.37			0.50			7			19			14			4			21			16			0.76			
77			25			0			0.44			0.58			11			25			19			6			25			21			0.84			

Number of sentence:	78.00
Number of Error sentence:	0.00
Number of Skip  sentence:	0.00
Number of Valid sentence:	78.00
Bracketing Recall:	36.67
Bracketing Precision:	55.04
Bracketing FMeasure:	44.02
Complete match:	0.00
Average crossing:	4.91
No crossing:	3.85
Tagging accuracy:	74.20


ParserWithoutPrecolation_21-25
=================================================================================================================================================
 ID 	 length 	 state 	 recall 	 prec 	 matched_brackets 	 gold_brackets 	 test_brackets 	 cross_brackets 	 words 	 correct_tags 	 tag_accracy 	
0			23			0			0.58			0.68			15			26			22			6			23			22			0.96			
1			22			0			0.40			0.37			10			25			27			10			22			18			0.82			
2			22			0			0.40			0.40			10			25			25			12			22			17			0.77			
3			22			0			0.57			0.60			12			21			20			5			22			19			0.86			
4			24			0			0.55			0.55			12			22			22			5			24			20			0.83			
5			21			0			0.44			0.46			11			25			24			9			21			16			0.76			
6			24			0			0.71			0.77			20			28			26			6			24			23			0.96			
7			22			0			0.83			0.86			19			23			22			2			22			21			0.95			
8			22			0			0.48			0.48			11			23			23			5			22			20			0.91			
9			25			0			0.56			0.64			14			25			22			7			25			22			0.88			
10			23			0			0.60			0.65			15			25			23			6			23			22			0.96			
11			25			0			0.43			0.48			12			28			25			2			25			19			0.76			
12			24			0			0.79			0.79			19			24			24			3			24			22			0.92			
13			22			0			0.57			0.65			13			23			20			5			22			21			0.95			
14			24			0			0.76			0.90			19			25			21			2			24			22			0.92			
15			25			0			0.65			0.71			17			26			24			6			25			25			1.00			
16			22			0			0.70			0.83			19			27			23			1			22			19			0.86			
17			23			0			0.52			0.57			13			25			23			6			23			18			0.78			
18			23			0			0.64			0.67			16			25			24			5			23			20			0.87			
19			21			0			0.59			0.68			13			22			19			4			21			18			0.86			
20			22			0			0.76			0.73			16			21			22			2			22			20			0.91			
21			23			0			0.75			0.72			18			24			25			5			23			20			0.87			
22			25			0			0.58			0.62			15			26			24			7			25			20			0.80			
23			22			0			0.67			0.70			14			21			20			3			22			20			0.91			
24			22			0			0.65			0.75			15			23			20			5			22			22			1.00			
25			25			0			0.92			0.96			23			25			24			0			25			24			0.96			
26			21			0			0.61			0.78			14			23			18			3			21			21			1.00			
27			23			0			0.92			1.00			22			24			22			0			23			23			1.00			
28			21			0			0.42			0.36			8			19			22			10			21			18			0.86			
29			24			0			0.48			0.59			13			27			22			7			24			22			0.92			
30			24			0			0.42			0.37			10			24			27			10			24			20			0.83			
31			23			0			0.52			0.65			13			25			20			3			23			16			0.70			
32			25			0			0.62			0.56			15			24			27			2			25			23			0.92			
33			23			0			0.32			0.43			10			31			23			11			23			17			0.74			
34			22			0			0.64			0.67			14			22			21			3			22			17			0.77			
35			21			0			0.50			0.50			12			24			24			7			21			15			0.71			
36			22			0			0.68			0.65			15			22			23			3			22			18			0.82			
37			25			0			0.43			0.52			12			28			23			9			25			22			0.88			
38			24			0			0.39			0.41			11			28			27			10			24			17			0.71			
39			21			0			0.65			0.65			15			23			23			4			21			19			0.90			
40			21			0			0.80			0.83			20			25			24			0			21			16			0.76			
41			23			0			0.38			0.38			10			26			26			10			23			21			0.91			
42			24			0			0.30			0.40			8			27			20			5			24			17			0.71			
43			21			0			0.62			0.72			13			21			18			4			21			19			0.90			
44			23			0			0.59			0.54			13			22			24			5			23			21			0.91			
45			25			0			0.32			0.36			8			25			22			8			25			18			0.72			
46			24			0			0.59			0.64			16			27			25			3			24			23			0.96			
47			25			0			0.58			0.64			14			24			22			5			25			23			0.92			
48			21			0			0.82			0.90			18			22			20			1			21			20			0.95			
49			22			0			0.76			0.89			16			21			18			1			22			21			0.95			
50			23			0			0.74			0.70			14			19			20			3			23			21			0.91			
51			23			0			0.57			0.63			17			30			27			7			23			21			0.91			
52			21			0			0.45			0.50			10			22			20			9			21			15			0.71			
53			22			0			0.60			0.55			12			20			22			3			22			17			0.77			
54			25			0			0.70			0.80			16			23			20			2			25			19			0.76			
55			21			0			0.89			0.85			17			19			20			1			21			18			0.86			
56			22			0			0.58			0.67			14			24			21			3			22			19			0.86			
57			23			0			0.65			0.68			15			23			22			5			23			22			0.96			
58			24			0			0.44			0.52			11			25			21			2			24			17			0.71			
59			25			0			0.52			0.61			14			27			23			0			25			20			0.80			
60			21			0			0.43			0.45			9			21			20			6			21			18			0.86			
61			25			0			0.61			0.61			14			23			23			5			25			23			0.92			
62			23			0			0.56			0.60			15			27			25			8			23			22			0.96			
63			24			0			0.61			0.68			17			28			25			6			24			21			0.88			
64			23			0			0.69			0.69			18			26			26			5			23			23			1.00			
65			21			0			0.64			0.70			16			25			23			3			21			20			0.95			
66			24			0			0.76			0.73			19			25			26			3			24			24			1.00			
67			22			0			0.77			0.77			17			22			22			2			22			21			0.95			
68			21			0			0.80			0.84			16			20			19			2			21			20			0.95			
69			22			0			0.35			0.42			8			23			19			8			22			21			0.95			
70			24			0			1.00			1.00			22			22			22			0			24			24			1.00			
71			23			0			0.50			0.52			13			26			25			9			23			21			0.91			
72			25			0			0.52			0.60			12			23			20			7			25			20			0.80			
73			23			0			0.62			0.59			13			21			22			3			23			21			0.91			
74			23			0			0.52			0.67			12			23			18			2			23			22			0.96			
75			22			0			0.46			0.62			13			28			21			6			22			21			0.95			
76			21			0			0.58			0.55			11			19			20			4			21			20			0.95			
77			25			0			0.60			0.71			15			25			21			3			25			21			0.84			

Number of sentence:	78.00
Number of Error sentence:	0.00
Number of Skip  sentence:	0.00
Number of Valid sentence:	78.00
Bracketing Recall:	59.22
Bracketing Precision:	63.56
Bracketing FMeasure:	61.31
Complete match:	1.28
Average crossing:	4.74
No crossing:	6.41
Tagging accuracy:	87.80


NP1VC2HC/NP1VC2HC_21-25
=================================================================================================================================================
 ID 	 length 	 state 	 recall 	 prec 	 matched_brackets 	 gold_brackets 	 test_brackets 	 cross_brackets 	 words 	 correct_tags 	 tag_accracy 	
0			23			0			0.73			0.79			19			26			24			5			23			22			0.96			
1			22			0			0.80			0.83			20			25			24			3			22			22			1.00			
2			22			0			0.84			0.88			21			25			24			3			22			22			1.00			
3			22			0			0.81			0.81			17			21			21			3			22			21			0.95			
4			24			0			0.86			0.86			19			22			22			0			24			23			0.96			
5			21			0			0.96			1.00			24			25			24			0			21			21			1.00			
6			24			0			0.79			0.81			22			28			27			5			24			24			1.00			
7			22			0			0.87			0.87			20			23			23			2			22			22			1.00			
8			22			0			0.91			0.95			21			23			22			1			22			21			0.95			
9			25			0			0.72			0.78			18			25			23			4			25			25			1.00			
10			23			0			0.76			0.79			19			25			24			3			23			23			1.00			
11			25			0			1.00			1.00			28			28			28			0			25			25			1.00			
12			24			0			1.00			1.00			24			24			24			0			24			24			1.00			
13			22			0			0.61			0.58			14			23			24			8			22			20			0.91			
14			24			0			0.76			0.79			19			25			24			5			24			24			1.00			
15			25			0			0.65			0.65			17			26			26			8			25			24			0.96			
16			22			0			0.85			0.88			23			27			26			3			22			22			1.00			
17			23			0			0.72			0.72			18			25			25			7			23			23			1.00			
18			23			0			0.92			0.92			23			25			25			1			23			22			0.96			
19			21			0			1.00			0.96			22			22			23			0			21			21			1.00			
20			22			0			0.81			0.81			17			21			21			1			22			22			1.00			
21			23			0			0.96			0.96			23			24			24			1			23			23			1.00			
22			25			0			0.92			0.92			24			26			26			2			25			25			1.00			
23			22			0			1.00			1.00			21			21			21			0			22			21			0.95			
24			22			0			0.70			0.80			16			23			20			4			22			22			1.00			
25			25			0			1.00			0.96			25			25			26			0			25			25			1.00			
26			21			0			0.87			0.87			20			23			23			2			21			21			1.00			
27			23			0			1.00			1.00			24			24			24			0			23			23			1.00			
28			21			0			0.95			0.95			18			19			19			0			21			21			1.00			
29			24			0			0.70			0.79			19			27			24			4			24			24			1.00			
30			24			0			0.88			0.84			21			24			25			3			24			24			1.00			
31			23			0			0.92			0.92			23			25			25			1			23			23			1.00			
32			25			0			0.96			0.96			23			24			24			0			25			25			1.00			
33			23			0			0.65			0.71			20			31			28			7			23			22			0.96			
34			22			0			0.91			0.95			20			22			21			1			22			22			1.00			
35			21			0			0.67			0.73			16			24			22			5			21			21			1.00			
36			22			0			0.91			0.95			20			22			21			0			22			22			1.00			
37			25			0			0.93			1.00			26			28			26			0			25			25			1.00			
38			24			0			0.54			0.62			15			28			24			5			24			22			0.92			
39			21			0			0.74			0.77			17			23			22			3			21			21			1.00			
40			21			0			0.96			1.00			24			25			24			0			21			21			1.00			
41			23			0			0.77			0.77			20			26			26			5			23			23			1.00			
42			24			0			1.00			1.00			27			27			27			0			24			24			1.00			
43			21			0			0.67			0.82			14			21			17			3			21			21			1.00			
44			23			0			0.95			1.00			21			22			21			0			23			23			1.00			
45			25			0			0.76			0.76			19			25			25			5			25			25			1.00			
46			24			0			0.78			0.84			21			27			25			3			24			24			1.00			
47			25			0			1.00			0.96			24			24			25			0			25			25			1.00			
48			21			0			0.91			0.91			20			22			22			1			21			20			0.95			
49			22			0			0.81			0.85			17			21			20			2			22			22			1.00			
50			23			0			0.95			0.95			18			19			19			1			23			23			1.00			
51			23			0			0.87			0.87			26			30			30			2			23			23			1.00			
52			21			0			0.91			0.95			20			22			21			0			21			21			1.00			
53			22			0			0.75			0.71			15			20			21			4			22			21			0.95			
54			25			0			1.00			1.00			23			23			23			0			25			25			1.00			
55			21			0			0.95			0.95			18			19			19			1			21			21			1.00			
56			22			0			0.96			1.00			23			24			23			0			22			22			1.00			
57			23			0			0.74			0.77			17			23			22			5			23			23			1.00			
58			24			0			0.96			1.00			24			25			24			0			24			24			1.00			
59			25			0			0.85			0.88			23			27			26			3			25			25			1.00			
60			21			0			0.90			0.90			19			21			21			2			21			21			1.00			
61			25			0			0.78			0.78			18			23			23			3			25			25			1.00			
62			23			0			0.81			0.81			22			27			27			3			23			23			1.00			
63			24			0			0.93			0.93			26			28			28			0			24			24			1.00			
64			23			0			0.88			0.85			23			26			27			1			23			23			1.00			
65			21			0			0.84			0.91			21			25			23			0			21			21			1.00			
66			24			0			1.00			1.00			25			25			25			0			24			24			1.00			
67			22			0			1.00			1.00			22			22			22			0			22			22			1.00			
68			21			0			0.90			0.90			18			20			20			1			21			21			1.00			
69			22			0			0.65			0.62			15			23			24			9			22			22			1.00			
70			24			0			0.91			0.91			20			22			22			2			24			24			1.00			
71			23			0			0.73			0.76			19			26			25			3			23			23			1.00			
72			25			0			1.00			0.96			23			23			24			0			25			25			1.00			
73			23			0			0.95			0.91			20			21			22			0			23			23			1.00			
74			23			0			0.83			0.79			19			23			24			2			23			23			1.00			
75			22			0			0.61			0.71			17			28			24			7			22			21			0.95			
76			21			0			0.95			0.90			18			19			20			0			21			21			1.00			
77			25			0			0.76			0.79			19			25			24			3			25			23			0.92			

Number of sentence:	78.00
Number of Error sentence:	0.00
Number of Skip  sentence:	0.00
Number of Valid sentence:	78.00
Bracketing Recall:	84.97
Bracketing Precision:	86.91
Bracketing FMeasure:	85.93
Complete match:	10.26
Average crossing:	2.19
No crossing:	34.62
Tagging accuracy:	99.05