ParserWithPrecolation_30-35

no result


ParserWithoutPrecolation_30-35
=================================================================================================================================================
 ID 	 length 	 state 	 recall 	 prec 	 matched_brackets 	 gold_brackets 	 test_brackets 	 cross_brackets 	 words 	 correct_tags 	 tag_accracy 	
0			35			0			0.61			0.70			23			38			33			7			35			32			0.91			
1			33			0			0.47			0.55			16			34			29			9			33			23			0.70			
2			33			0			0.54			0.70			21			39			30			4			33			27			0.82			
3			33			0			0.39			0.45			13			33			29			14			33			29			0.88			
4			32			0			0.67			0.76			22			33			29			2			32			28			0.88			
5			30			0			0.49			0.61			17			35			28			8			30			24			0.80			
6			31			0			0.74			0.83			25			34			30			4			31			28			0.90			
7			34			0			0.65			0.69			22			34			32			7			34			29			0.85			
8			30			0			0.45			0.47			14			31			30			10			30			26			0.87			
9			30			0			0.64			0.72			18			28			25			2			30			25			0.83			
10			34			0			0.53			0.67			18			34			27			7			34			32			0.94			
11			30			0			0.52			0.46			13			25			28			4			30			25			0.83			
12			30			0			0.35			0.39			11			31			28			12			30			21			0.70			
13			30			0			0.35			0.35			11			31			31			17			30			27			0.90			
14			31			0			0.55			0.63			17			31			27			2			31			25			0.81			
15			31			0			0.72			0.68			21			29			31			9			31			29			0.94			
16			35			0			0.65			0.67			24			37			36			6			35			30			0.86			
18			30			0			0.57			0.69			20			35			29			5			30			28			0.93			
18			30			0			0.57			0.69			20			35			29			5			30			28			0.93			
19			34			0			0.56			0.67			20			36			30			9			34			31			0.91			
20			34			0			0.67			0.62			20			30			32			5			34			30			0.88			
21			35			0			0.45			0.44			15			33			34			14			35			31			0.89			
22			34			0			0.84			0.81			26			31			32			1			34			32			0.94			
23			31			0			0.59			0.71			20			34			28			6			31			27			0.87			
24			30			0			0.55			0.55			17			31			31			9			30			22			0.73			
25			31			0			0.69			0.65			24			35			37			7			31			27			0.87			
26			35			0			0.59			0.66			23			39			35			5			35			30			0.86			
27			34			0			0.57			0.61			20			35			33			6			34			27			0.79			
28			33			0			0.45			0.47			15			33			32			11			33			27			0.82			
29			34			0			0.57			0.71			25			44			35			4			34			27			0.79			
30			32			0			0.51			0.64			18			35			28			8			32			27			0.84			
31			33			0			0.54			0.56			20			37			36			11			33			27			0.82			
32			30			0			0.46			0.46			16			35			35			10			30			25			0.83			
33			34			0			0.50			0.59			23			46			39			12			34			27			0.79			
34			34			0			0.33			0.33			13			39			39			19			34			29			0.85			
35			30			0			0.48			0.54			15			31			28			5			30			24			0.80			
36			35			0			0.54			0.54			19			35			35			8			35			27			0.77			
37			33			0			0.47			0.55			17			36			31			11			33			27			0.82			
38			32			0			0.70			0.72			23			33			32			8			32			31			0.97			
39			33			0			0.61			0.71			22			36			31			4			33			28			0.85			
40			34			0			0.44			0.53			17			39			32			8			34			29			0.85			
41			34			0			0.52			0.48			16			31			33			11			34			27			0.79			
42			35			0			0.62			0.67			20			32			30			9			35			33			0.94			
43			33			0			0.55			0.58			18			33			31			4			33			28			0.85			
44			34			0			0.59			0.64			23			39			36			8			34			27			0.79			
45			31			0			0.50			0.53			18			36			34			9			31			23			0.74			
46			30			0			0.39			0.48			16			41			33			14			30			26			0.87			
47			34			0			0.49			0.52			17			35			33			9			34			30			0.88			
48			33			0			0.46			0.53			16			35			30			6			33			27			0.82			
49			34			0			0.69			0.65			22			32			34			8			34			27			0.79			
50			30			0			0.64			0.69			18			28			26			2			30			28			0.93			
51			31			0			0.41			0.38			12			29			32			9			31			28			0.90			

Number of sentence:	52.00
Number of Error sentence:	0.00
Number of Skip  sentence:	0.00
Number of Valid sentence:	52.00
Bracketing Recall:	54.46
Bracketing Precision:	59.22
Bracketing FMeasure:	56.74
Complete match:	0.00
Average crossing:	7.77
No crossing:	0.00
Tagging accuracy:	84.93


NP1VC2HC/NP1VC2HC_30-35
=================================================================================================================================================
 ID 	 length 	 state 	 recall 	 prec 	 matched_brackets 	 gold_brackets 	 test_brackets 	 cross_brackets 	 words 	 correct_tags 	 tag_accracy 	
0			35			0			0.74			0.78			28			38			36			6			35			35			1.00			
1			33			0			0.88			0.91			30			34			33			2			33			31			0.94			
2			33			0			0.77			0.77			30			39			39			6			33			30			0.91			
3			33			0			0.76			0.78			25			33			32			5			33			33			1.00			
4			32			0			1.00			1.00			33			33			33			0			32			32			1.00			
5			30			0			0.80			0.85			28			35			33			2			30			28			0.93			
6			31			0			0.85			0.88			29			34			33			4			31			31			1.00			
7			34			0			0.88			0.86			30			34			35			5			34			34			1.00			
8			30			0			0.87			0.90			27			31			30			3			30			30			1.00			
9			30			0			0.86			0.89			24			28			27			3			30			30			1.00			
10			34			0			0.85			0.94			29			34			31			1			34			34			1.00			
11			30			0			1.00			1.00			25			25			25			0			30			30			1.00			
12			30			0			0.68			0.68			21			31			31			5			30			28			0.93			
13			30			0			0.77			0.83			24			31			29			2			30			30			1.00			
14			31			0			0.94			0.97			29			31			30			0			31			31			1.00			
15			31			0			0.93			0.93			27			29			29			0			31			30			0.97			
16			35			0			0.84			0.86			31			37			36			5			35			35			1.00			
17			30			0			1.00			1.00			35			35			35			0			30			30			1.00			
18			30			0			0.84			0.84			27			32			32			5			30			30			1.00			
19			34			0			0.69			0.71			25			36			35			9			34			34			1.00			
20			34			0			0.83			0.86			25			30			29			3			34			34			1.00			
21			35			0			0.79			0.76			26			33			34			5			35			35			1.00			
22			34			0			0.84			0.87			26			31			30			3			34			33			0.97			
23			31			0			0.85			0.91			29			34			32			2			31			30			0.97			
24			30			0			0.74			0.77			23			31			30			6			30			30			1.00			
25			31			0			0.83			0.83			29			35			35			4			31			31			1.00			
26			35			0			0.97			0.97			38			39			39			0			35			34			0.97			
27			34			0			0.89			0.97			31			35			32			1			34			33			0.97			
28			33			0			0.88			0.97			29			33			30			0			33			31			0.94			
29			34			0			0.89			0.89			39			44			44			3			34			33			0.97			
30			32			0			0.97			1.00			34			35			34			0			32			32			1.00			
31			33			0			0.86			0.94			32			37			34			1			33			32			0.97			
32			30			0			0.60			0.60			21			35			35			13			30			29			0.97			
33			34			0			0.80			0.86			37			46			43			4			34			34			1.00			
34			34			0			0.95			1.00			37			39			37			0			34			34			1.00			
35			30			0			0.84			0.81			26			31			32			4			30			29			0.97			
36			35			0			0.97			0.94			34			35			36			0			35			35			1.00			
37			33			0			0.92			0.94			33			36			35			1			33			32			0.97			
38			32			0			0.79			0.79			26			33			33			5			32			31			0.97			
39			33			0			1.00			1.00			36			36			36			0			33			33			1.00			
40			34			0			0.69			0.68			27			39			40			11			34			32			0.94			
41			34			0			0.77			0.77			24			31			31			3			34			32			0.94			
42			35			0			0.91			0.94			29			32			31			2			35			35			1.00			
43			33			0			0.91			0.94			30			33			32			1			33			33			1.00			
44			34			0			0.82			0.86			32			39			37			3			34			32			0.94			
45			31			0			0.67			0.67			24			36			36			10			31			31			1.00			
46			30			0			0.54			0.63			22			41			35			10			30			28			0.93			
47			34			0			0.80			0.78			28			35			36			8			34			34			1.00			
48			33			0			0.74			0.84			26			35			31			2			33			31			0.94			
49			34			0			0.88			0.90			28			32			31			1			34			34			1.00			
50			30			0			0.89			0.83			25			28			30			2			30			30			1.00			
51			31			0			0.72			0.68			21			29			31			5			31			30			0.97			

Number of sentence:	52.00
Number of Error sentence:	0.00
Number of Skip  sentence:	0.00
Number of Valid sentence:	52.00
Bracketing Recall:	83.46
Bracketing Precision:	85.53
Bracketing FMeasure:	84.49
Complete match:	7.69
Average crossing:	3.38
No crossing:	21.15
Tagging accuracy:	98.04