ParserWithPrecolation_35-40

no result


ParserWithoutPrecolation_35-40
=================================================================================================================================================
 ID 	 length 	 state 	 recall 	 prec 	 matched_brackets 	 gold_brackets 	 test_brackets 	 cross_brackets 	 words 	 correct_tags 	 tag_accracy 	
0			35			0			0.61			0.70			23			38			33			7			35			32			0.91			
1			36			0			0.70			0.72			26			37			36			6			36			36			1.00			
2			36			0			0.54			0.51			20			37			39			10			36			31			0.86			
3			36			0			0.55			0.57			21			38			37			12			36			31			0.86			
4			36			0			0.53			0.59			19			36			32			9			36			31			0.86			
5			37			0			0.65			0.80			28			43			35			6			37			33			0.89			
6			37			0			0.42			0.57			16			38			28			7			37			32			0.86			
7			38			0			0.45			0.42			15			33			36			11			38			31			0.82			
8			37			0			0.65			0.62			24			37			39			12			37			34			0.92			
9			39			0			0.72			0.70			28			39			40			9			39			33			0.85			
10			35			0			0.65			0.67			24			37			36			6			35			30			0.86			
11			39			0			0.55			0.58			21			38			36			11			39			36			0.92			
12			37			0			0.68			0.74			26			38			35			5			37			34			0.92			
13			36			0			0.50			0.49			18			36			37			14			36			30			0.83			
14			39			0			0.56			0.51			19			34			37			10			39			33			0.85			
15			36			0			0.55			0.63			22			40			35			10			36			32			0.89			
16			35			0			0.45			0.44			15			33			34			14			35			31			0.89			
17			40			0			0.61			0.71			27			44			38			6			40			36			0.90			
18			37			0			0.53			0.51			20			38			39			10			37			28			0.76			
19			35			0			0.59			0.66			23			39			35			5			35			30			0.86			
20			37			0			0.37			0.41			14			38			34			15			37			28			0.76			
21			35			0			0.54			0.54			19			35			35			8			35			27			0.77			
22			36			0			0.71			0.82			27			38			33			5			36			33			0.92			
23			35			0			0.62			0.67			20			32			30			9			35			33			0.94			
24			40			0			0.58			0.62			21			36			34			5			40			34			0.85			
25			36			0			0.56			0.58			22			39			38			11			36			31			0.86			
26			36			0			0.71			0.73			24			34			33			4			36			30			0.83			
27			36			0			0.49			0.53			21			43			40			11			36			29			0.81			
28			36			0			0.62			0.69			20			32			29			6			36			30			0.83			
29			39			0			0.56			0.61			19			34			31			5			39			35			0.90			

Number of sentence:	30.00
Number of Error sentence:	0.00
Number of Skip  sentence:	0.00
Number of Valid sentence:	30.00
Bracketing Recall:	57.63
Bracketing Precision:	60.91
Bracketing FMeasure:	59.23
Complete match:	0.00
Average crossing:	8.63
No crossing:	0.00
Tagging accuracy:	86.57


NP1VC2HC/NP1VC2HC_35-40
=================================================================================================================================================
 ID 	 length 	 state 	 recall 	 prec 	 matched_brackets 	 gold_brackets 	 test_brackets 	 cross_brackets 	 words 	 correct_tags 	 tag_accracy 	
0			35			0			0.74			0.78			28			38			36			6			35			35			1.00			
1			36			0			0.84			0.86			31			37			36			5			36			36			1.00			
2			36			0			0.84			0.84			31			37			37			4			36			36			1.00			
3			36			0			0.87			0.87			33			38			38			3			36			35			0.97			
4			36			0			0.89			0.91			32			36			35			3			36			36			1.00			
5			37			0			0.84			0.90			36			43			40			4			37			36			0.97			
6			37			0			0.95			1.00			36			38			36			0			37			37			1.00			
7			38			0			0.91			0.94			30			33			32			2			38			38			1.00			
8			37			0			0.81			0.81			30			37			37			6			37			37			1.00			
9			39			0			0.77			0.77			30			39			39			8			39			37			0.95			
10			35			0			0.84			0.86			31			37			36			5			35			35			1.00			
11			39			0			0.87			0.87			33			38			38			4			39			39			1.00			
12			37			0			0.76			0.81			29			38			36			5			37			37			1.00			
13			36			0			0.75			0.87			27			36			31			3			36			35			0.97			
14			39			0			0.88			0.86			30			34			35			3			39			39			1.00			
15			36			0			0.85			0.89			34			40			38			3			36			36			1.00			
16			35			0			0.79			0.76			26			33			34			5			35			35			1.00			
17			40			0			0.73			0.74			32			44			43			8			40			40			1.00			
18			37			0			0.68			0.70			26			38			37			10			37			37			1.00			
19			35			0			0.97			0.97			38			39			39			0			35			34			0.97			
20			37			0			0.89			0.89			34			38			38			2			37			36			0.97			
21			35			0			0.97			0.94			34			35			36			0			35			35			1.00			
22			36			0			0.89			0.92			34			38			37			3			36			36			1.00			
23			35			0			0.91			0.94			29			32			31			2			35			35			1.00			
24			40			0			0.81			0.78			29			36			37			5			40			40			1.00			
25			36			0			0.74			0.76			29			39			38			7			36			35			0.97			
26			36			0			0.68			0.77			23			34			30			7			36			36			1.00			
27			36			0			0.58			0.62			25			43			40			13			36			34			0.94			
28			36			0			0.84			0.87			27			32			31			3			36			36			1.00			
29			39			0			0.62			0.58			21			34			36			8			39			37			0.95			

Number of sentence:	30.00
Number of Error sentence:	0.00
Number of Skip  sentence:	0.00
Number of Valid sentence:	30.00
Bracketing Recall:	81.51
Bracketing Precision:	83.53
Bracketing FMeasure:	82.51
Complete match:	0.00
Average crossing:	4.57
No crossing:	10.00
Tagging accuracy:	98.91